28
Spot 0 0 1500 255 255 255
Plane 0 0 3000 0 0 1 255 255 255 0
Plane 0 800 0 0 1 0 255 255 255 0
Plane 0 -800 0 0 -1 0 255 255 255 0
Sphere -1200 0 1800 0 0 0 255 0 0 80
Cylinder -1100 0 1800 0 1 0 255 64 0 50
Cone -1000 0 1800 0 1 0 255 128 0 0.3
Sphere -900 0 1800 0 0 0 255 191 0 80
Cylinder -800 0 1800 0 1 0.33 255 255 0 50
Cone -700 0 1800 0 1 -0.33 191 255 0 0.3
Sphere -600 0 1800 0 0 0 128 255 0 80
Cylinder -500 0 1800 0 1 0.66 64 255 0 50
Cone -400 0 1800 0 1 -0.66 0 255 0 0.3
Sphere -300 0 1800 0 0 0 0 255 64 80
Cylinder -200 0 1800 0 1 1 0 255 128 50
Cone -100 0 1800 0 1 -1 0 255 191 0.3
Sphere 0 0 1800 0 0 0 0 255 255 80
Cone 100 0 1800 0 1 -1 0 191 255 0.3
Cylinder 200 0 1800 0 1 1 0 128 255 50
Sphere 300 0 1800 0 0 0 0 64 255 80
Cone 400 0 1800 0 1 -0.66 0 0 255 0.3
Cylinder 500 0 1800 0 1 0.66 64 0 255 50
Sphere 600 0 1800 0 0 0 128 0 255 80
Cone 700 0 1800 0 1 -0.33 191 0 255 0.3
Cylinder 800 0 1800 0 1 0.33 255 0 255 50
Sphere 900 0 1800 0 0 0 255 0 191 80
Cone 1000 0 1800 0 1 0 255 0 128 0.3
Cylinder 1100 0 1800 0 1 0 255 0 64 50
Sphere 1200 0 1800 0 0 0 255 0 0 80
