16
Spot 0 0 800 255 255 255
Plane 0 0 2000 0 0 1 75 140 234 0
Plane 0 400 0 0 1 0 255 255 255 0
Plane 0 -400 0 0 -1 0 255 255 255 0
Cylinder -400 0 1600 0 1 0 255 255 255 70
Cylinder -400 0 1000 0 1 0 255 255 255 70
Cylinder 400 0 1600 0 1 0 255 255 255 70
Cylinder 400 0 1000 0 1 0 255 255 255 70
Sphere -400 -400 1600 0 0 0 255 255 255 140
Sphere 400 400 1600 0 0 0 255 255 255 140
Sphere -400 400 1600 0 0 0 255 255 255 140
Sphere 400 -400 1600 0 0 0 255 255 255 140
Sphere -400 -400 1000 0 0 0 255 255 255 140
Sphere 400 400 1000 0 0 0 255 255 255 140
Sphere 400 -400 1000 0 0 0 255 255 255 140
Sphere -400 400 1000 0 0 0 255 255 255 140
Sphere 0 300 1000 0 0 0 255 0 0 60